insert  55
 45
222
156
325
316
406
269
292
250
182
295
306
352
363
178
  1
393
359
 21
256
380
451
343
110
130
488
393
121
 63
152
175
108
373
331
432
188
236
200
480
486
382
274
291
234
137
469
234
 29
327
255
285
207
206
127
317
335
115
209
456
178
360
131
285
232
461
216
420
197
416
399
182
298
173
473
 32
309
442
265
338
269
 20
122
475
225
248
291
 59
362
500
 15
 39
359
145
324
 91
105
 40
 11
302
display

search 438
290
268
153
346
164
 60
369
143
 38
 91
429
137
335
331
134
428
236
254
336
357
289
278
  2
420
372
473
411
 78
112
357
 16
402
125
168
247
289
227
116
431
265
207
360
401
 41
190
 34
469
425
288
305
282
 76
 82
284
496
453
257
406
 31
368
262
 46
269
387
214
 16
175
441
131
105
205
337
464
106
378
154
139
346
 79
426
151
360
  2
232
143
498
185
399
403
215
267
165
260
 35
 51
474
 51
225
414

display

clear
